[Forsage.Forsage_ScreenCalibration]
p1_x=0.000000
p1_y=0.000000
p2_x=0.000000
p2_y=0.000000
p3_x=0.000000
p3_y=0.000000
p4_x=0.000000
p4_y=0.000000
p5_x=0.000000
p5_y=0.000000
p6_x=0.000000
p6_y=0.000000
p7_x=0.000000
p7_y=0.000000
p8_x=0.000000
p8_y=0.000000

