[Vehicles.Forsage_Signals]
MaxResistorValue=0.000000
MaxSliderValue=0.000000
GasPedalMin=179.000000
GasPedalMax=430.000000
BrakePedalMin=238.000000
BrakePedalMax=543.000000
ClutchPedalMin=344.000000
ClutchPedalMax=492.000000
WheelMax=0.000000
WheelMin=0.000000
WheelCentral=0.000000
CD_Fuel=(Id=3,CDUs=)
CD_Speedometer=(Id=0,CDUs=((ResistorVal=0,DeviceVal=0.000000),(ResistorVal=10,DeviceVal=10.000000),(ResistorVal=22,DeviceVal=20.000000),(ResistorVal=35,DeviceVal=30.000000),(ResistorVal=50,DeviceVal=40.000000),(ResistorVal=63,DeviceVal=50.000000),(ResistorVal=78,DeviceVal=60.000000),(ResistorVal=91,DeviceVal=70.000000),(ResistorVal=105,DeviceVal=80.000000),(ResistorVal=120,DeviceVal=90.000000),(ResistorVal=135,DeviceVal=100.000000),(ResistorVal=150,DeviceVal=115.000000),(ResistorVal=170,DeviceVal=127.000000),(ResistorVal=190,DeviceVal=142.000000),(ResistorVal=210,DeviceVal=163.000000),(ResistorVal=230,DeviceVal=175.000000),(ResistorVal=250,DeviceVal=190.000000)))
CD_Tachometer=(Id=1,CDUs=((ResistorVal=0,DeviceVal=0.000000),(ResistorVal=10,DeviceVal=500.000000),(ResistorVal=20,DeviceVal=800.000000),(ResistorVal=35,DeviceVal=1400.000000),(ResistorVal=50,DeviceVal=1800.000000),(ResistorVal=80,DeviceVal=2800.000000),(ResistorVal=110,DeviceVal=3900.000000),(ResistorVal=140,DeviceVal=5000.000000),(ResistorVal=170,DeviceVal=6100.000000)))
CD_Temperature=(Id=2,CDUs=)

